154614 884920
198397 872317
142201 738057
213351 793981
283039 875989
301658 772788
352372 806327
361813 762865
404166 842274
309666 212191
478956 776466
672871 586722
511858 822961
479265 872707
540114 905347
563782 878755
799038 685622
639193 757903
625348 687449
687890 679510
748999 749965
763402 661899
815774 706018
796474 913090
867399 817442
893657 775765
866927 869185
146020 569363
147225 451848
180394 327237
152606 144699
221434 234234
233865 299452
324319 337198
283039 449292
279166 498927
357034 606976
271504 590277
325052 603101
390549 557050
429963 594155
364124 606976
376905 658179
302243 631974
576651 595163
407168 522724
486897 496923
475492 517746
485941 560956
490716 410592
511383 448302
394277 287544
428652 355022
448226 313344
528176 214207
523195 202932
602254 154765
621051 149612
645877 218082
715580 291513
830160 288536
905592 211136
828251 173427
892702 132742
908001 403549
911321 475092
823397 498927
630599 490969
607371 301502
519221 319992
339423 211373
331254 119780
291987 140557
666152 588912
650651 577301
689322 404638
697438 442346
779554 525701
845438 397691
862401 278021
719399 158543
515471 392746
486493 302197
802599 331018
583653 314377
867112 642746
563782 385193
798510 364969
723219 326245
786858 267167
674038 239270
527284 468364
189873 877777
852884 887339
565064 346566
596474 277896
610878 152006
783653 616952
517925 315384
336017 527006
